3 x 4 x 5
[       111       211       311       411       511       121       221 
        321       421       521       131       231       331       431 
        531       141       241       341       441       541       112 
        212       312       412       512       122       222       322 
        422       522       132       232       332       432       532 
        142       242       342       442       542       113       213 
        313       413       513       123       223       323       423 
        523       133       233       333       433       533       143 
        243       343       443       543 ]

3 x 4
[        11        21        31        41 
         12        22        32        42 
         13        23        33        43 ]

4
 [         1         2         3         4  ]
